#!/bin/bash
# Make the table rows for the critical values for the U test
# These are included in the Appendix for critical values via \input{DA1_Table_U1,2,3,4}

if [ -f DA1_Table_U2.tex ]; then
	echo "Found existing DA1_Table_U2.tex"
else
	echo "Making DA1_Table_U2.tex [alpha = 0.01 one-sided ]"
	cat << EOF >  DA1_Table_U2.tex
\$\\downarrow n_1 | n_2 \\rightarrow\$ & \\bf{2} & \\bf{3} &  \\bf{4} &  \\bf{5} &  \\bf{6} &  \\bf{7} &  \\bf{8} &  \\bf{9} & \\bf{10} & \\bf{11} & \\bf{12} & \\bf{13} & \\bf{14} & \\bf{15} & \\bf{16} & \\bf{17} & \\bf{18} & \\bf{19} & \\bf{20} \\\\ \\hline
    \\bf{2}   & 0 & 0 &  0 &  0 &  0 &  0 &  0 &  0 &  0 &  0 &  0 &  0 &  0 &  0 &  0 &  0 &   0 &   1 &   1 \\\\
    \\bf{3}   & 0 & 0 &  0 &  0 &  0 &  0 &  0 &  1 &  1 &  1 &  2 &  2 &  2 &  3 &  3 &  4 &   4 &   4 &   5 \\\\
    \\bf{4}   & 0 & 0 &  0 &  0 &  1 &  1 &  2 &  3 &  3 &  4 &  5 &  5 &  6 &  7 &  7 &  8 &   9 &   9 &  10 \\\\
    \\bf{5}   & 0 & 0 &  0 &  1 &  2 &  3 &  4 &  5 &  6 &  7 &  8 &  9 & 10 & 11 & 12 & 13 &  14 &  15 &  16 \\\\
    \\bf{6}   & 0 & 0 &  1 &  2 &  3 &  4 &  6 &  7 &  8 &  9 & 11 & 12 & 13 & 15 & 16 & 18 &  19 &  20 &  22 \\\\
    \\bf{7}   & 0 & 0 &  1 &  3 &  4 &  6 &  7 &  9 & 11 & 12 & 14 & 16 & 17 & 19 & 21 & 23 &  24 &  26 &  28 \\\\
    \\bf{8}   & 0 & 0 &  2 &  4 &  6 &  7 &  9 & 11 & 13 & 15 & 17 & 20 & 22 & 24 & 26 & 28 &  30 &  32 &  34 \\\\
    \\bf{9}   & 0 & 1 &  3 &  5 &  7 &  9 & 11 & 14 & 16 & 18 & 21 & 23 & 26 & 28 & 31 & 33 &  36 &  38 &  40 \\\\
    \\bf{10}  & 0 & 1 &  3 &  6 &  8 & 11 & 13 & 16 & 19 & 22 & 24 & 27 & 30 & 33 & 36 & 38 &  41 &  44 &  47 \\\\
    \\bf{11}  & 0 & 1 &  4 &  7 &  9 & 12 & 15 & 18 & 22 & 25 & 28 & 31 & 34 & 37 & 41 & 44 &  47 &  50 &  53 \\\\
    \\bf{12}  & 0 & 2 &  5 &  8 & 11 & 14 & 17 & 21 & 24 & 28 & 31 & 35 & 38 & 42 & 46 & 49 &  53 &  56 &  60 \\\\
    \\bf{13}  & 0 & 2 &  5 &  9 & 12 & 16 & 20 & 23 & 27 & 31 & 35 & 39 & 43 & 47 & 51 & 55 &  59 &  63 &  67 \\\\
    \\bf{14}  & 0 & 2 &  6 & 10 & 13 & 17 & 22 & 26 & 30 & 34 & 38 & 43 & 47 & 51 & 56 & 60 &  65 &  69 &  73 \\\\
    \\bf{15}  & 0 & 3 &  7 & 11 & 15 & 19 & 24 & 28 & 33 & 37 & 42 & 47 & 51 & 56 & 61 & 66 &  70 &  75 &  80 \\\\
    \\bf{16}  & 0 & 3 &  7 & 12 & 16 & 21 & 26 & 31 & 36 & 41 & 46 & 51 & 56 & 61 & 66 & 71 &  76 &  82 &  87 \\\\
    \\bf{17}  & 0 & 4 &  8 & 13 & 18 & 23 & 28 & 33 & 38 & 44 & 49 & 55 & 60 & 66 & 71 & 77 &  82 &  88 &  93 \\\\
    \\bf{18}  & 0 & 4 &  9 & 14 & 19 & 24 & 30 & 36 & 41 & 47 & 53 & 59 & 65 & 70 & 76 & 82 &  88 &  94 & 100 \\\\
    \\bf{19}  & 1 & 4 &  9 & 15 & 20 & 26 & 32 & 38 & 44 & 50 & 56 & 63 & 69 & 75 & 82 & 88 &  94 & 101 & 107 \\\\
    \\bf{20}  & 1 & 5 & 10 & 16 & 22 & 28 & 34 & 40 & 47 & 53 & 60 & 67 & 73 & 80 & 87 & 93 & 100 & 107 & 114 \\\\ \\hline
EOF
fi
